LRU - Fixed
PID	 Process Name	Turnaround Time # Faults  Fault Times
1	 s4/process1.txt	204		 27	  {0, 7, 14, 21, 28, 36, 43, 51, 58, 65, 73, 80, 87, 94, 102, 109, 116, 124, 131, 139, 147, 154, 161, 168, 175, 190, 197}
2	 s4/process2.txt	192		 26	  {0, 8, 15, 22, 29, 38, 45, 52, 59, 66, 74, 81, 88, 96, 103, 110, 117, 125, 133, 140, 149, 156, 163, 170, 177, 185}
3	 s4/process3.txt	193		 26	  {0, 9, 16, 24, 31, 39, 47, 54, 61, 68, 75, 82, 89, 97, 104, 112, 120, 127, 134, 141, 150, 157, 164, 171, 178, 186}
4	 s4/process4.txt	201		 27	  {0, 10, 17, 25, 32, 40, 48, 55, 62, 70, 77, 84, 91, 98, 105, 113, 121, 128, 136, 144, 151, 158, 165, 172, 179, 187, 194}
5	 s4/process5.txt	223		 30	  {0, 11, 18, 26, 33, 41, 49, 56, 63, 71, 78, 85, 92, 99, 106, 114, 122, 129, 137, 145, 152, 159, 166, 173, 180, 188, 195, 202, 209, 216}
6	 s4/process6.txt	206		 27	  {0, 12, 19, 27, 35, 42, 50, 57, 64, 72, 79, 86, 93, 100, 107, 115, 123, 130, 138, 146, 153, 160, 167, 174, 181, 190, 199}

------------------------------------------------------------

Clock - Fixed
PID	 Process Name	Turnaround Time # Faults  Fault Times
1	 s4/process1.txt	204		 27	  {0, 7, 14, 21, 28, 36, 43, 51, 58, 65, 73, 80, 87, 94, 102, 109, 116, 124, 131, 139, 147, 154, 161, 168, 175, 190, 197}
2	 s4/process2.txt	192		 26	  {0, 8, 15, 22, 29, 38, 45, 52, 59, 66, 74, 81, 88, 96, 103, 110, 117, 125, 133, 140, 149, 156, 163, 170, 177, 185}
3	 s4/process3.txt	193		 26	  {0, 9, 16, 24, 31, 39, 47, 54, 61, 68, 75, 82, 89, 97, 104, 112, 120, 127, 134, 141, 150, 157, 164, 171, 178, 186}
4	 s4/process4.txt	201		 27	  {0, 10, 17, 25, 32, 40, 48, 55, 62, 70, 77, 84, 91, 98, 105, 113, 121, 128, 136, 144, 151, 158, 165, 172, 179, 187, 194}
5	 s4/process5.txt	223		 30	  {0, 11, 18, 26, 33, 41, 49, 56, 63, 71, 78, 85, 92, 99, 106, 114, 122, 129, 137, 145, 152, 159, 166, 173, 180, 188, 195, 202, 209, 216}
6	 s4/process6.txt	206		 27	  {0, 12, 19, 27, 35, 42, 50, 57, 64, 72, 79, 86, 93, 100, 107, 115, 123, 130, 138, 146, 153, 160, 167, 174, 181, 190, 199}
