LRU - Fixed
PID	 Process Name	Turnaround Time # Faults  Fault Times
1	 s3/process1.txt	326		 45	  {0, 7, 14, 21, 28, 35, 42, 49, 56, 63, 71, 79, 86, 93, 100, 108, 115, 122, 131, 138, 145, 152, 159, 166, 173, 181, 188, 196, 203, 210, 217, 224, 231, 239, 246, 253, 260, 267, 275, 282, 290, 297, 305, 312, 319}
2	 s3/process2.txt	327		 44	  {0, 8, 15, 22, 29, 36, 43, 50, 57, 64, 72, 80, 87, 95, 108, 116, 123, 132, 140, 148, 155, 162, 169, 176, 183, 190, 197, 204, 212, 219, 226, 233, 240, 247, 254, 261, 268, 276, 283, 291, 298, 306, 313, 320}
3	 s3/process4.txt	328		 44	  {0, 9, 16, 23, 30, 37, 44, 51, 58, 65, 73, 82, 89, 96, 105, 112, 120, 127, 135, 142, 149, 156, 163, 170, 177, 184, 191, 198, 205, 213, 220, 227, 234, 241, 248, 256, 263, 276, 284, 292, 299, 307, 314, 321}
4	 s3/process5.txt	311		 42	  {0, 10, 17, 24, 31, 38, 45, 52, 59, 66, 74, 83, 90, 97, 107, 114, 121, 129, 136, 143, 150, 157, 165, 172, 180, 187, 194, 201, 208, 215, 222, 229, 236, 244, 251, 258, 265, 274, 281, 289, 296, 304}

------------------------------------------------------------

Clock - Fixed
PID	 Process Name	Turnaround Time # Faults  Fault Times
1	 s3/process1.txt	327		 45	  {0, 7, 14, 21, 28, 35, 42, 49, 56, 63, 71, 79, 86, 93, 100, 108, 115, 122, 131, 138, 145, 152, 159, 166, 173, 181, 188, 196, 203, 210, 217, 224, 231, 239, 246, 253, 260, 267, 276, 283, 291, 298, 306, 313, 320}
2	 s3/process2.txt	328		 43	  {0, 8, 15, 22, 29, 36, 43, 50, 57, 64, 72, 80, 87, 95, 108, 116, 123, 132, 140, 148, 155, 162, 169, 176, 183, 190, 197, 208, 216, 223, 230, 237, 245, 252, 259, 266, 277, 284, 292, 299, 307, 314, 321}
3	 s3/process4.txt	323		 43	  {0, 9, 16, 23, 30, 37, 44, 51, 58, 65, 73, 82, 89, 96, 105, 112, 120, 127, 135, 142, 149, 156, 163, 170, 177, 184, 191, 198, 207, 214, 221, 228, 235, 242, 249, 257, 264, 277, 285, 293, 300, 309, 316}
4	 s3/process5.txt	312		 42	  {0, 10, 17, 24, 31, 38, 45, 52, 59, 66, 74, 83, 90, 97, 107, 114, 121, 129, 136, 143, 150, 157, 165, 172, 180, 187, 194, 201, 208, 215, 222, 229, 236, 244, 251, 258, 265, 275, 282, 290, 297, 305}
